eMOEA:
    Hypervolume: 0.3704206241519674
    GenerationalDistance: 0.011515770147061032
NSGAII:
    Hypervolume: 0.25508819538670285
    GenerationalDistance: 0.059326840016754256
Random:
    Hypervolume: 0.0
    GenerationalDistance: 0.2026757378544134
NSGAIII:
    Hypervolume: 0.35956580732700133
    GenerationalDistance: 0.02558635394456291
