eMOEA:
    Hypervolume: 0.4741735537190082
    GenerationalDistance: 5.528255528255529E-4
NSGAII:
    Hypervolume: 0.2324380165289256
    GenerationalDistance: 0.0
Random:
    Hypervolume: 0.0
    GenerationalDistance: 0.020454545454545454
NSGAIII:
    Hypervolume: 0.48811983471074377
    GenerationalDistance: 0.0
