eMOEA:
    Hypervolume: 0.48958333333333337
    GenerationalDistance: 0.001044932079414837
NSGAII:
    Hypervolume: 0.3693181818181818
    GenerationalDistance: 0.002520879790326373
Random:
    Hypervolume: 0.0
    GenerationalDistance: 0.0
NSGAIII:
    Hypervolume: 0.497159090909091
    GenerationalDistance: 0.0
