eMOEA:
    Hypervolume: 0.44140392623438424
    GenerationalDistance: 0.0
NSGAII:
    Hypervolume: 0.11302795954788816
    GenerationalDistance: 0.0
Random:
    Hypervolume: 0.0
    GenerationalDistance: 0.0
NSGAIII:
    Hypervolume: 0.48720999405116
    GenerationalDistance: 0.0
